material   : carbon-chain
h5path     : /scratch/yimili/matrices/hdf5/carbon-chain.h5
block size : 104
requested  : idx 0..401 (402 indices)
completed  : 402
failed     : 0

idx  relres_fp16   fwd_err_fp16   fwd_err_c64   cond_full_svd
   0  1.656455e-02  1.695500e-02  2.286363e-06  1.414313e+03
   1  1.663525e-02  1.557290e-02  1.951452e-06  1.414833e+03
   2  1.606702e-02  1.829802e-02  1.353135e-06  1.415298e+03
   3  1.619884e-02  1.466020e-02  1.841773e-06  1.415712e+03
   4  1.636910e-02  1.595863e-02  1.576095e-06  1.416079e+03
   5  1.664489e-02  1.174186e-02  1.855417e-06  1.416406e+03
   6  1.610356e-02  1.611763e-02  1.895527e-06  1.416695e+03
   7  1.622457e-02  1.571203e-02  1.585317e-06  1.416951e+03
   8  1.551645e-02  1.364104e-02  1.591018e-06  1.417179e+03
   9  1.624613e-02  1.304330e-02  1.680039e-06  1.417382e+03
  10  1.620792e-02  2.552903e-02  1.488501e-06  1.417564e+03
  11  1.630615e-02  1.523353e-02  1.667329e-06  1.417730e+03
  12  1.543866e-02  9.051777e-03  1.853645e-06  1.417882e+03
  13  1.710416e-02  1.313004e-02  2.015009e-06  1.418025e+03
  14  1.648167e-02  1.219216e-02  2.090287e-06  1.418160e+03
  15  1.628806e-02  1.205518e-02  2.374198e-06  1.418292e+03
  16  1.634646e-02  1.530184e-02  1.623398e-06  1.418424e+03
  17  1.592059e-02  1.390704e-02  1.727493e-06  1.418557e+03
  18  1.619365e-02  1.640254e-02  2.295350e-06  1.418694e+03
  19  1.625375e-02  1.027767e-02  2.560433e-06  1.418838e+03
  20  1.595488e-02  1.502534e-02  2.225564e-06  1.418991e+03
  21  1.616951e-02  1.327246e-02  1.730063e-06  1.419154e+03
  22  1.595853e-02  1.683996e-02  1.580206e-06  1.419329e+03
  23  1.664102e-02  1.091713e-02  1.908653e-06  1.419519e+03
  24  1.596545e-02  1.570926e-02  1.467102e-06  1.419724e+03
  25  1.593964e-02  1.212935e-02  1.679686e-06  1.419947e+03
  26  1.608302e-02  1.714747e-02  2.184184e-06  1.420187e+03
  27  1.570409e-02  1.426852e-02  1.534545e-06  1.420447e+03
  28  1.600200e-02  1.129524e-02  2.004337e-06  1.420728e+03
  29  1.656815e-02  1.660073e-02  1.449145e-06  1.421030e+03
  30  1.619633e-02  1.235706e-02  1.930806e-06  1.421355e+03
  31  1.604923e-02  1.319033e-02  1.565092e-06  1.421704e+03
  32  1.597615e-02  1.186318e-02  1.275579e-06  1.422078e+03
  33  1.656675e-02  1.943838e-02  1.580270e-06  1.422477e+03
  34  1.565688e-02  1.010694e-02  1.755057e-06  1.422904e+03
  35  1.623724e-02  1.450739e-02  1.460166e-06  1.423360e+03
  36  1.564047e-02  1.625096e-02  2.022118e-06  1.423847e+03
  37  1.679857e-02  1.858680e-02  1.686969e-06  1.424370e+03
  38  1.651370e-02  1.716200e-02  1.910463e-06  1.424936e+03
  39  1.653668e-02  1.741773e-02  1.525048e-06  1.425566e+03
  40  1.640226e-02  1.208722e-02  1.479321e-06  1.426316e+03
  41  1.649689e-02  1.321807e-02  2.151514e-06  1.427324e+03
  42  1.696450e-02  1.213931e-02  2.545851e-06  1.428682e+03
  43  1.653982e-02  1.696057e-02  2.234884e-06  1.430238e+03
  44  1.721992e-02  1.560259e-02  1.690283e-06  1.431858e+03
  45  1.644911e-02  1.297164e-02  1.824988e-06  1.433493e+03
  46  1.643443e-02  1.588907e-02  2.078617e-06  1.435127e+03
  47  1.662751e-02  1.537601e-02  1.507418e-06  1.436753e+03
  48  1.663417e-02  1.688939e-02  1.532062e-06  1.438366e+03
  49  1.686160e-02  1.279935e-02  1.761669e-06  1.439964e+03
  50  1.641672e-02  1.529397e-02  1.600175e-06  1.441547e+03
  51  1.675473e-02  1.702731e-02  1.797836e-06  1.443113e+03
  52  1.694431e-02  1.488735e-02  1.955470e-06  1.444662e+03
  53  1.623680e-02  1.630138e-02  1.963938e-06  1.446194e+03
  54  1.565291e-02  1.799613e-02  1.954807e-06  1.447707e+03
  55  1.756363e-02  1.807121e-02  1.962639e-06  1.449203e+03
  56  1.649147e-02  1.709070e-02  1.848069e-06  1.450682e+03
  57  1.661124e-02  1.906556e-02  1.905745e-06  1.452142e+03
  58  1.587242e-02  1.694877e-02  1.681160e-06  1.453585e+03
  59  1.686548e-02  1.705342e-02  1.785160e-06  1.455011e+03
  60  1.685816e-02  1.427666e-02  1.641967e-06  1.456420e+03
  61  1.653425e-02  1.429439e-02  1.777512e-06  1.457813e+03
  62  1.611657e-02  1.365469e-02  1.609675e-06  1.459190e+03
  63  1.675789e-02  1.061024e-02  1.956683e-06  1.460551e+03
  64  1.609924e-02  1.489410e-02  1.412709e-06  1.461898e+03
  65  1.610770e-02  1.938886e-02  1.832650e-06  1.463231e+03
  66  1.786973e-02  1.815081e-02  2.145948e-06  1.464550e+03
  67  1.667648e-02  1.807175e-02  1.784957e-06  1.465857e+03
  68  1.673257e-02  1.223793e-02  2.186370e-06  1.467152e+03
  69  1.685273e-02  1.972848e-02  1.531286e-06  1.468436e+03
  70  1.620136e-02  1.382483e-02  2.770847e-06  1.469711e+03
  71  1.681754e-02  1.446991e-02  1.653386e-06  1.470976e+03
  72  1.736954e-02  2.220694e-02  2.159889e-06  1.472232e+03
  73  1.657290e-02  1.770056e-02  2.478484e-06  1.473482e+03
  74  1.690702e-02  1.517896e-02  1.875331e-06  1.474725e+03
  75  1.690933e-02  1.538263e-02  2.085443e-06  1.475962e+03
  76  1.685284e-02  1.622270e-02  1.725250e-06  1.477195e+03
  77  1.597004e-02  1.602978e-02  1.871159e-06  1.478423e+03
  78  1.772663e-02  1.979233e-02  2.222016e-06  1.479649e+03
  79  1.706841e-02  1.397798e-02  2.074790e-06  1.480872e+03
  80  1.689418e-02  1.417439e-02  1.634440e-06  1.482094e+03
  81  1.764412e-02  1.369199e-02  1.469949e-06  1.483315e+03
  82  1.683306e-02  1.697946e-02  1.858559e-06  1.484536e+03
  83  1.641775e-02  1.527399e-02  1.574976e-06  1.485757e+03
  84  1.622525e-02  1.840317e-02  1.663535e-06  1.486979e+03
  85  1.664605e-02  1.387854e-02  1.676740e-06  1.488202e+03
  86  1.679860e-02  1.463388e-02  1.831298e-06  1.489428e+03
  87  1.824963e-02  1.602443e-02  1.423612e-06  1.490656e+03
  88  1.746461e-02  1.505556e-02  2.485819e-06  1.491886e+03
  89  1.639757e-02  1.423943e-02  2.097397e-06  1.493119e+03
  90  1.805902e-02  1.809637e-02  1.655505e-06  1.494356e+03
  91  1.617251e-02  1.481525e-02  1.889739e-06  1.495596e+03
  92  1.697316e-02  1.624145e-02  1.898889e-06  1.496840e+03
  93  1.597560e-02  1.604633e-02  1.827225e-06  1.498088e+03
  94  1.664943e-02  1.488359e-02  1.746897e-06  1.499340e+03
  95  1.716494e-02  2.166812e-02  1.620237e-06  1.500596e+03
  96  1.716436e-02  1.858394e-02  2.383735e-06  1.501857e+03
  97  1.669492e-02  1.881922e-02  1.784437e-06  1.503122e+03
  98  1.723263e-02  1.337121e-02  2.481961e-06  1.504392e+03
  99  1.701940e-02  1.537424e-02  2.126821e-06  1.505667e+03
 100  1.668539e-02  1.823860e-02  1.909987e-06  1.506946e+03
 101  1.686713e-02  1.652070e-02  1.932854e-06  1.508231e+03
 102  1.664144e-02  1.563501e-02  2.347914e-06  1.509521e+03
 103  1.596761e-02  1.396858e-02  2.190703e-06  1.510817e+03
 104  1.650696e-02  1.646602e-02  1.578278e-06  1.512118e+03
 105  1.636663e-02  1.418989e-02  1.635835e-06  1.513425e+03
 106  1.697740e-02  1.212224e-02  2.107898e-06  1.514739e+03
 107  1.637073e-02  9.856017e-03  2.040593e-06  1.516058e+03
 108  1.705449e-02  1.974044e-02  2.124694e-06  1.517385e+03
 109  1.715055e-02  1.525178e-02  1.953316e-06  1.518718e+03
 110  1.630905e-02  1.731215e-02  2.353514e-06  1.520060e+03
 111  1.668763e-02  1.233632e-02  2.759545e-06  1.521411e+03
 112  1.739496e-02  1.452402e-02  2.126952e-06  1.522774e+03
 113  1.739143e-02  1.336491e-02  2.104805e-06  1.524155e+03
 114  1.669053e-02  1.937624e-02  2.743279e-06  1.525576e+03
 115  1.743193e-02  1.634001e-02  2.234278e-06  1.527085e+03
 116  1.672234e-02  1.421502e-02  2.148663e-06  1.528679e+03
 117  1.644930e-02  2.107875e-02  2.010573e-06  1.530309e+03
 118  1.726148e-02  2.076046e-02  1.450035e-06  1.531950e+03
 119  1.667568e-02  1.914427e-02  1.625514e-06  1.533596e+03
 120  1.631244e-02  2.020741e-02  2.189037e-06  1.535244e+03
 121  1.698558e-02  2.003630e-02  2.370572e-06  1.536892e+03
 122  1.634356e-02  1.645130e-02  1.781310e-06  1.538540e+03
 123  1.640604e-02  1.359414e-02  1.729629e-06  1.540187e+03
 124  1.628648e-02  1.629644e-02  1.731419e-06  1.541832e+03
 125  1.629696e-02  1.917627e-02  2.627989e-06  1.543476e+03
 126  1.661515e-02  1.823920e-02  1.858026e-06  1.545118e+03
 127  1.630451e-02  1.576664e-02  1.709927e-06  1.546757e+03
 128  1.685381e-02  1.906280e-02  1.947167e-06  1.548394e+03
 129  1.706355e-02  1.819590e-02  2.305866e-06  1.550029e+03
 130  1.711837e-02  2.256732e-02  2.309601e-06  1.551660e+03
 131  1.635602e-02  1.386665e-02  2.450359e-06  1.553289e+03
 132  1.627167e-02  1.923901e-02  1.774358e-06  1.554914e+03
 133  1.665851e-02  2.446025e-02  2.162599e-06  1.556537e+03
 134  1.614651e-02  2.035571e-02  2.457363e-06  1.558156e+03
 135  1.762850e-02  1.954856e-02  2.112894e-06  1.559773e+03
 136  1.683698e-02  1.416899e-02  2.521541e-06  1.561387e+03
 137  1.659782e-02  1.841508e-02  1.878064e-06  1.562999e+03
 138  1.685958e-02  1.646990e-02  2.309023e-06  1.564609e+03
 139  1.652568e-02  1.249312e-02  1.717883e-06  1.566217e+03
 140  1.702896e-02  1.751688e-02  2.005296e-06  1.567823e+03
 141  1.738739e-02  1.860160e-02  1.778085e-06  1.569429e+03
 142  1.775212e-02  1.304354e-02  1.330171e-06  1.571034e+03
 143  1.667654e-02  1.739651e-02  1.993467e-06  1.572639e+03
 144  1.731554e-02  1.465440e-02  2.623110e-06  1.574245e+03
 145  1.711816e-02  2.286754e-02  1.596441e-06  1.575851e+03
 146  1.735458e-02  1.675667e-02  1.968798e-06  1.577460e+03
 147  1.658846e-02  1.589308e-02  2.422395e-06  1.579071e+03
 148  1.713210e-02  1.752703e-02  2.281796e-06  1.580684e+03
 149  1.662383e-02  1.530247e-02  1.815153e-06  1.582300e+03
 150  1.719413e-02  1.485650e-02  2.088160e-06  1.583920e+03
 151  1.722344e-02  1.765812e-02  2.349320e-06  1.585544e+03
 152  1.691991e-02  1.389998e-02  2.301387e-06  1.587171e+03
 153  1.684255e-02  1.713617e-02  1.950773e-06  1.588802e+03
 154  1.623686e-02  1.958175e-02  1.772984e-06  1.590437e+03
 155  1.660513e-02  1.792459e-02  2.044250e-06  1.592076e+03
 156  1.720243e-02  1.904240e-02  1.498372e-06  1.593719e+03
 157  1.670992e-02  2.019846e-02  2.151461e-06  1.595365e+03
 158  1.737612e-02  1.614025e-02  1.681660e-06  1.597015e+03
 159  1.745885e-02  1.643911e-02  2.879495e-06  1.598668e+03
 160  1.718827e-02  1.800394e-02  2.391622e-06  1.600323e+03
 161  1.722037e-02  1.745161e-02  2.464947e-06  1.601981e+03
 162  1.735795e-02  1.835532e-02  2.157383e-06  1.603643e+03
 163  1.685309e-02  1.308546e-02  1.858460e-06  1.605307e+03
 164  1.715438e-02  1.773065e-02  2.456936e-06  1.606974e+03
 165  1.699713e-02  2.213588e-02  2.053835e-06  1.608645e+03
 166  1.678834e-02  1.895749e-02  2.606208e-06  1.610321e+03
 167  1.752267e-02  1.398971e-02  1.515033e-06  1.612001e+03
 168  1.714403e-02  1.265686e-02  2.304529e-06  1.613689e+03
 169  1.718802e-02  1.382856e-02  1.890990e-06  1.615384e+03
 170  1.686585e-02  1.270943e-02  2.537688e-06  1.617090e+03
 171  1.745963e-02  1.863715e-02  1.950258e-06  1.618808e+03
 172  1.685724e-02  1.355356e-02  1.875030e-06  1.620539e+03
 173  1.804395e-02  1.543101e-02  2.035293e-06  1.622286e+03
 174  1.816681e-02  1.655323e-02  2.186508e-06  1.624047e+03
 175  1.767855e-02  1.612471e-02  2.151056e-06  1.625823e+03
 176  1.671262e-02  1.414845e-02  3.068753e-06  1.627611e+03
 177  1.840993e-02  1.327393e-02  1.967705e-06  1.629410e+03
 178  1.734236e-02  1.767514e-02  1.921372e-06  1.631217e+03
 179  1.751528e-02  1.608912e-02  1.447946e-06  1.633030e+03
 180  1.763456e-02  1.608423e-02  2.248454e-06  1.634845e+03
 181  1.769711e-02  1.323353e-02  2.581865e-06  1.636663e+03
 182  1.731097e-02  1.692351e-02  1.840742e-06  1.638480e+03
 183  1.742925e-02  1.156000e-02  2.615019e-06  1.640297e+03
 184  1.829270e-02  1.544827e-02  2.068396e-06  1.642111e+03
 185  1.857206e-02  1.702273e-02  2.259003e-06  1.643922e+03
 186  1.751006e-02  1.555736e-02  2.135518e-06  1.645729e+03
 187  1.873508e-02  1.907693e-02  2.058081e-06  1.647532e+03
 188  1.775776e-02  1.517905e-02  2.498607e-06  1.649330e+03
 189  1.800574e-02  1.588512e-02  1.768956e-06  1.651123e+03
 190  1.725518e-02  1.220863e-02  2.474006e-06  1.652911e+03
 191  1.811698e-02  2.039602e-02  1.359521e-06  1.654694e+03
 192  1.782727e-02  1.940674e-02  2.857861e-06  1.656474e+03
 193  1.850497e-02  2.373099e-02  2.001492e-06  1.658249e+03
 194  1.760175e-02  1.701819e-02  1.794517e-06  1.660020e+03
 195  1.789901e-02  1.611947e-02  2.178694e-06  1.661789e+03
 196  1.809535e-02  1.509115e-02  2.176500e-06  1.663556e+03
 197  1.790408e-02  1.825378e-02  1.224562e-06  1.665322e+03
 198  1.768463e-02  1.772926e-02  2.011116e-06  1.667090e+03
 199  1.828486e-02  1.834629e-02  1.876417e-06  1.668943e+03
 200  1.806204e-02  1.293066e-02  1.878428e-06  1.670917e+03
 201  1.857399e-02  1.231155e-02  2.635537e-06  1.672901e+03
 202  1.759104e-02  1.387200e-02  2.819700e-06  1.674890e+03
 203  1.754968e-02  1.404562e-02  2.795393e-06  1.676883e+03
 204  1.748711e-02  1.212278e-02  1.885572e-06  1.678878e+03
 205  1.794271e-02  1.947419e-02  2.286623e-06  1.680874e+03
 206  1.801516e-02  1.221105e-02  2.559999e-06  1.682870e+03
 207  1.719010e-02  1.551284e-02  2.194807e-06  1.684864e+03
 208  1.806658e-02  1.647672e-02  1.969571e-06  1.686856e+03
 209  1.806365e-02  1.529352e-02  1.622851e-06  1.688845e+03
 210  1.800719e-02  1.712906e-02  1.737944e-06  1.690829e+03
 211  1.752915e-02  1.827958e-02  1.793969e-06  1.692807e+03
 212  1.784712e-02  2.300434e-02  2.375962e-06  1.694780e+03
 213  1.757656e-02  1.662598e-02  1.370289e-06  1.696746e+03
 214  1.803846e-02  1.475680e-02  2.118361e-06  1.698706e+03
 215  1.804556e-02  2.419445e-02  1.561886e-06  1.700658e+03
 216  1.839876e-02  1.782721e-02  2.460891e-06  1.702602e+03
 217  1.817269e-02  1.544996e-02  2.009543e-06  1.704539e+03
 218  1.840443e-02  1.392123e-02  2.338466e-06  1.706469e+03
 219  1.882886e-02  1.741760e-02  2.299154e-06  1.708391e+03
 220  1.856954e-02  1.443905e-02  1.560310e-06  1.710307e+03
 221  1.857411e-02  1.643133e-02  2.810485e-06  1.712217e+03
 222  1.833168e-02  1.979551e-02  1.942837e-06  1.714122e+03
 223  1.792600e-02  1.141787e-02  2.062258e-06  1.716022e+03
 224  1.776829e-02  1.411249e-02  1.757798e-06  1.717919e+03
 225  1.832964e-02  1.524261e-02  1.951498e-06  1.719813e+03
 226  1.911595e-02  1.512850e-02  1.768549e-06  1.721707e+03
 227  1.779857e-02  1.747368e-02  2.831321e-06  1.723600e+03
 228  1.843999e-02  2.162530e-02  1.832382e-06  1.725497e+03
 229  1.855460e-02  1.902680e-02  1.716905e-06  1.727400e+03
 230  1.788111e-02  1.668628e-02  2.315357e-06  1.729317e+03
 231  1.872203e-02  1.654627e-02  2.402736e-06  1.731279e+03
 232  1.819977e-02  1.968312e-02  1.836697e-06  1.733337e+03
 233  1.822924e-02  2.090562e-02  2.664047e-06  1.735453e+03
 234  1.729627e-02  1.397528e-02  2.117517e-06  1.737587e+03
 235  1.785897e-02  1.938317e-02  1.894129e-06  1.739725e+03
 236  1.839957e-02  1.535878e-02  1.804567e-06  1.741866e+03
 237  1.822279e-02  1.919188e-02  1.827094e-06  1.744005e+03
 238  1.799796e-02  1.900238e-02  1.851515e-06  1.746142e+03
 239  1.887957e-02  2.467907e-02  2.211494e-06  1.748277e+03
 240  1.793919e-02  1.758260e-02  2.181183e-06  1.750407e+03
 241  1.788393e-02  2.472559e-02  2.705494e-06  1.752533e+03
 242  1.869775e-02  1.824165e-02  2.522243e-06  1.754654e+03
 243  1.816801e-02  1.801157e-02  1.634125e-06  1.756770e+03
 244  1.803102e-02  1.717654e-02  1.966148e-06  1.758880e+03
 245  1.862468e-02  1.460245e-02  1.823176e-06  1.760986e+03
 246  1.813624e-02  2.543053e-02  1.671134e-06  1.763086e+03
 247  1.722297e-02  1.786017e-02  2.308484e-06  1.765182e+03
 248  1.819445e-02  1.930527e-02  2.532739e-06  1.767274e+03
 249  1.863934e-02  1.383406e-02  2.169971e-06  1.769363e+03
 250  1.822263e-02  2.010458e-02  2.437347e-06  1.771449e+03
 251  1.679765e-02  1.853337e-02  2.489673e-06  1.773534e+03
 252  1.856488e-02  1.972930e-02  2.571842e-06  1.775619e+03
 253  1.822646e-02  1.586216e-02  2.179531e-06  1.777704e+03
 254  1.850597e-02  1.854678e-02  1.987989e-06  1.779792e+03
 255  1.851145e-02  2.131644e-02  1.974075e-06  1.781884e+03
 256  1.878903e-02  1.882548e-02  1.822662e-06  1.783982e+03
 257  1.887602e-02  2.600077e-02  2.188681e-06  1.786088e+03
 258  1.835360e-02  1.691630e-02  2.302680e-06  1.788202e+03
 259  1.924129e-02  2.318141e-02  2.630291e-06  1.790328e+03
 260  1.836525e-02  1.726408e-02  1.990393e-06  1.792466e+03
 261  1.853281e-02  1.917970e-02  1.971664e-06  1.794617e+03
 262  1.763712e-02  1.775560e-02  1.847292e-06  1.796781e+03
 263  1.847545e-02  1.772044e-02  1.775157e-06  1.798958e+03
 264  1.801177e-02  2.138143e-02  2.014666e-06  1.801147e+03
 265  1.909682e-02  1.463473e-02  2.212012e-06  1.803344e+03
 266  1.851083e-02  2.095581e-02  2.773086e-06  1.805549e+03
 267  1.888324e-02  1.626448e-02  1.633988e-06  1.807760e+03
 268  1.840454e-02  1.896682e-02  1.869136e-06  1.809974e+03
 269  1.882491e-02  1.741934e-02  2.061429e-06  1.812191e+03
 270  1.881555e-02  1.952950e-02  2.263505e-06  1.814410e+03
 271  1.926778e-02  3.021473e-02  1.834620e-06  1.816629e+03
 272  1.850817e-02  2.327038e-02  1.844658e-06  1.818849e+03
 273  1.840427e-02  2.810711e-02  2.394708e-06  1.821069e+03
 274  1.839218e-02  1.758765e-02  2.213600e-06  1.823288e+03
 275  1.880164e-02  2.016103e-02  2.386745e-06  1.825508e+03
 276  1.846659e-02  1.554384e-02  2.528750e-06  1.827729e+03
 277  1.925547e-02  2.186575e-02  2.423819e-06  1.829951e+03
 278  1.930560e-02  1.660730e-02  1.824198e-06  1.832175e+03
 279  1.898304e-02  1.770195e-02  2.163850e-06  1.834403e+03
 280  1.967929e-02  2.385672e-02  1.821226e-06  1.836634e+03
 281  1.940571e-02  2.960198e-02  2.632025e-06  1.838872e+03
 282  1.788659e-02  1.474828e-02  2.553571e-06  1.841120e+03
 283  1.831693e-02  2.085736e-02  2.332680e-06  1.843381e+03
 284  1.862859e-02  1.705779e-02  2.431176e-06  1.845662e+03
 285  1.970646e-02  1.335554e-02  2.632737e-06  1.847967e+03
 286  1.815399e-02  1.826711e-02  1.981506e-06  1.850293e+03
 287  1.836832e-02  1.711790e-02  2.323389e-06  1.852636e+03
 288  1.896793e-02  1.989619e-02  2.084107e-06  1.854989e+03
 289  1.837087e-02  2.180600e-02  2.940648e-06  1.857349e+03
 290  1.869085e-02  2.396341e-02  2.792948e-06  1.859712e+03
 291  1.871844e-02  1.995398e-02  2.479705e-06  1.862078e+03
 292  1.827191e-02  1.560407e-02  1.546360e-06  1.864446e+03
 293  1.850820e-02  1.326417e-02  2.084595e-06  1.866814e+03
 294  1.850403e-02  1.907052e-02  2.254971e-06  1.869183e+03
 295  1.837430e-02  2.059200e-02  2.487929e-06  1.871552e+03
 296  1.862416e-02  2.686405e-02  2.378377e-06  1.873920e+03
 297  1.874543e-02  2.406442e-02  2.046926e-06  1.876289e+03
 298  1.851318e-02  3.068098e-02  2.663749e-06  1.878657e+03
 299  1.810961e-02  1.918981e-02  2.128478e-06  1.881025e+03
 300  1.871156e-02  2.850520e-02  2.567122e-06  1.883395e+03
 301  1.853730e-02  1.386740e-02  1.899928e-06  1.885765e+03
 302  1.843542e-02  1.910415e-02  2.605439e-06  1.888137e+03
 303  1.898187e-02  2.403006e-02  2.610557e-06  1.890512e+03
 304  1.831943e-02  1.574413e-02  2.160594e-06  1.892891e+03
 305  1.869536e-02  2.204945e-02  2.351628e-06  1.895275e+03
 306  1.856242e-02  2.307910e-02  1.958563e-06  1.897668e+03
 307  1.909578e-02  1.834014e-02  2.794341e-06  1.900073e+03
 308  1.883894e-02  2.018231e-02  2.965907e-06  1.902499e+03
 309  1.806901e-02  2.118955e-02  2.248572e-06  1.904950e+03
 310  1.775996e-02  2.193735e-02  2.654792e-06  1.907424e+03
 311  1.837558e-02  2.217473e-02  1.784414e-06  1.909913e+03
 312  1.862694e-02  2.161726e-02  2.401122e-06  1.912411e+03
 313  1.947888e-02  1.643025e-02  1.916600e-06  1.914915e+03
 314  1.865000e-02  2.168752e-02  1.819036e-06  1.917424e+03
 315  1.888951e-02  1.769360e-02  2.340248e-06  1.919936e+03
 316  1.819197e-02  1.744585e-02  2.219585e-06  1.922451e+03
 317  1.955667e-02  1.997720e-02  3.171092e-06  1.924967e+03
 318  1.868065e-02  2.410376e-02  2.439505e-06  1.927485e+03
 319  1.913857e-02  2.732806e-02  2.472812e-06  1.930004e+03
 320  1.884575e-02  1.831433e-02  2.890476e-06  1.932524e+03
 321  1.916484e-02  2.446420e-02  2.436432e-06  1.935044e+03
 322  1.911477e-02  2.094665e-02  2.577878e-06  1.937565e+03
 323  1.934525e-02  2.357415e-02  2.411238e-06  1.940088e+03
 324  1.922356e-02  2.430120e-02  2.857760e-06  1.942611e+03
 325  2.018908e-02  2.269904e-02  2.356071e-06  1.945136e+03
 326  1.929622e-02  2.499847e-02  2.662251e-06  1.947663e+03
 327  1.834944e-02  2.033548e-02  1.773169e-06  1.950193e+03
 328  1.923447e-02  3.561928e-02  2.304479e-06  1.952726e+03
 329  1.959222e-02  2.280227e-02  2.358469e-06  1.955263e+03
 330  1.830031e-02  2.108341e-02  2.421849e-06  1.957805e+03
 331  1.907092e-02  2.049290e-02  2.329772e-06  1.960355e+03
 332  1.895480e-02  2.315828e-02  2.242739e-06  1.962915e+03
 333  1.999012e-02  2.272886e-02  2.026051e-06  1.965491e+03
 334  1.939306e-02  1.951635e-02  2.749083e-06  1.968089e+03
 335  1.892279e-02  2.755009e-02  2.116257e-06  1.970712e+03
 336  1.923817e-02  1.745729e-02  2.683587e-06  1.973354e+03
 337  1.915922e-02  2.708910e-02  1.861446e-06  1.976007e+03
 338  1.820219e-02  1.597586e-02  2.274314e-06  1.978669e+03
 339  1.872836e-02  1.975478e-02  2.188488e-06  1.981335e+03
 340  1.804622e-02  2.138120e-02  2.245422e-06  1.984006e+03
 341  1.927957e-02  1.982554e-02  1.733890e-06  1.986681e+03
 342  1.856526e-02  2.150816e-02  2.494448e-06  1.989358e+03
 343  1.908259e-02  2.033005e-02  2.531196e-06  1.992037e+03
 344  1.829826e-02  2.577882e-02  2.575073e-06  1.994719e+03
 345  1.956715e-02  2.013361e-02  2.533412e-06  1.997403e+03
 346  1.848921e-02  2.535682e-02  2.605255e-06  2.000088e+03
 347  1.913060e-02  2.538499e-02  3.420509e-06  2.002777e+03
 348  1.874923e-02  2.185127e-02  2.948076e-06  2.005467e+03
 349  1.885342e-02  2.062447e-02  2.490826e-06  2.008161e+03
 350  1.929856e-02  2.163579e-02  2.573872e-06  2.010859e+03
 351  1.969598e-02  2.106501e-02  2.139864e-06  2.013562e+03
 352  1.951849e-02  3.064650e-02  2.476467e-06  2.016270e+03
 353  1.997511e-02  2.455238e-02  2.461939e-06  2.018987e+03
 354  1.941136e-02  2.109791e-02  2.645040e-06  2.021714e+03
 355  1.918065e-02  2.179500e-02  2.691351e-06  2.024454e+03
 356  1.914000e-02  2.092116e-02  1.947594e-06  2.027208e+03
 357  1.939228e-02  2.720840e-02  2.525997e-06  2.029978e+03
 358  1.917270e-02  2.227524e-02  1.664866e-06  2.032763e+03
 359  1.997455e-02  3.081526e-02  2.147882e-06  2.035562e+03
 360  1.871526e-02  2.457374e-02  2.717465e-06  2.038373e+03
 361  1.930392e-02  1.817421e-02  1.894148e-06  2.041193e+03
 362  1.990725e-02  2.856018e-02  2.227775e-06  2.044020e+03
 363  1.888749e-02  2.968110e-02  2.722817e-06  2.046854e+03
 364  1.917267e-02  2.659519e-02  2.832861e-06  2.049694e+03
 365  1.921687e-02  2.215024e-02  2.365225e-06  2.052538e+03
 366  1.908692e-02  3.021240e-02  2.152650e-06  2.055385e+03
 367  2.024162e-02  2.992422e-02  2.450185e-06  2.058236e+03
 368  1.962618e-02  2.202311e-02  3.000208e-06  2.061089e+03
 369  1.929703e-02  2.986156e-02  1.850570e-06  2.063945e+03
 370  2.012035e-02  3.392248e-02  2.014589e-06  2.066803e+03
 371  1.998134e-02  2.715396e-02  3.055557e-06  2.069664e+03
 372  1.919379e-02  2.642988e-02  2.445863e-06  2.072526e+03
 373  1.965815e-02  2.758379e-02  1.843997e-06  2.075391e+03
 374  1.963677e-02  2.750568e-02  2.039211e-06  2.078259e+03
 375  1.888629e-02  2.233776e-02  2.053746e-06  2.081129e+03
 376  1.974376e-02  2.338182e-02  2.354636e-06  2.084002e+03
 377  1.929920e-02  2.179028e-02  2.749267e-06  2.086879e+03
 378  1.931136e-02  2.043073e-02  1.907198e-06  2.089761e+03
 379  1.869676e-02  2.103494e-02  1.742738e-06  2.092647e+03
 380  1.979668e-02  2.865002e-02  2.521099e-06  2.095538e+03
 381  1.928948e-02  2.360290e-02  2.523943e-06  2.098436e+03
 382  1.920568e-02  2.133893e-02  2.740160e-06  2.101342e+03
 383  1.877817e-02  2.368337e-02  2.613246e-06  2.104260e+03
 384  1.932737e-02  2.368682e-02  2.315794e-06  2.107222e+03
 385  1.875741e-02  2.171736e-02  3.267827e-06  2.110235e+03
 386  1.907815e-02  2.285840e-02  2.231875e-06  2.113261e+03
 387  1.954588e-02  2.030357e-02  2.770449e-06  2.116293e+03
 388  1.934464e-02  2.246810e-02  2.710572e-06  2.119331e+03
 389  1.886639e-02  2.296265e-02  2.701322e-06  2.122374e+03
 390  1.945384e-02  2.027669e-02  3.374675e-06  2.125421e+03
 391  1.858627e-02  1.961581e-02  1.849307e-06  2.128472e+03
 392  1.983854e-02  2.642488e-02  2.431309e-06  2.131526e+03
 393  1.921830e-02  1.804655e-02  2.292409e-06  2.134583e+03
 394  1.980992e-02  2.127831e-02  2.934945e-06  2.137642e+03
 395  1.987742e-02  2.209007e-02  2.546485e-06  2.140704e+03
 396  1.912485e-02  1.860847e-02  3.159515e-06  2.143769e+03
 397  1.966274e-02  1.834145e-02  2.629674e-06  2.146837e+03
 398  1.997231e-02  2.128285e-02  2.488376e-06  2.149907e+03
 399  2.033899e-02  1.964679e-02  1.758169e-06  2.152980e+03
 400  1.961382e-02  2.542852e-02  2.023846e-06  2.156057e+03
 401  1.940276e-02  2.016990e-02  1.881773e-06  2.159138e+03
