material   : graphene
h5path     : /scratch/yimili/matrices/hdf5/graphene.h5
block size : 416
requested  : idx 0..401 (402 indices)
completed  : 402
failed     : 0

idx  relres_fp16   fwd_err_fp16   fwd_err_c64   cond_full_svd
   0  4.375439e-02  4.248956e-02  3.180109e-06  6.947053e+02
   1  4.497515e-02  4.016567e-02  3.241773e-06  6.973189e+02
   2  4.377138e-02  4.371544e-02  3.107959e-06  6.999586e+02
   3  5.302689e-02  3.870818e-02  3.452914e-06  7.026253e+02
   4  4.702079e-02  4.213456e-02  3.357594e-06  7.053200e+02
   5  5.577800e-02  4.487542e-02  3.030564e-06  7.080439e+02
   6  4.705915e-02  4.113747e-02  3.236406e-06  7.107982e+02
   7  4.039373e-02  3.341101e-02  3.567011e-06  7.135844e+02
   8  4.604713e-02  3.625174e-02  3.510061e-06  7.164040e+02
   9  4.761263e-02  4.638887e-02  3.034158e-06  7.192587e+02
  10  4.938707e-02  3.902909e-02  3.074377e-06  7.221503e+02
  11  5.655064e-02  4.300673e-02  3.265731e-06  7.250806e+02
  12  4.761437e-02  3.961608e-02  3.469050e-06  7.280515e+02
  13  5.623894e-02  3.829805e-02  3.128873e-06  7.310650e+02
  14  5.130717e-02  4.243031e-02  3.074036e-06  7.341230e+02
  15  5.645132e-02  3.996791e-02  3.297831e-06  7.372275e+02
  16  4.461544e-02  3.585788e-02  3.272657e-06  7.403803e+02
  17  6.177915e-02  4.113212e-02  3.261616e-06  7.435831e+02
  18  5.126403e-02  4.369830e-02  3.127273e-06  7.468377e+02
  19  5.196008e-02  3.532567e-02  3.428552e-06  7.501456e+02
  20  5.304771e-02  4.039992e-02  3.299489e-06  7.535081e+02
  21  4.928040e-02  4.095678e-02  3.222158e-06  7.569264e+02
  22  6.053066e-02  3.866229e-02  3.282340e-06  7.604016e+02
  23  5.296819e-02  4.437162e-02  3.279609e-06  7.639345e+02
  24  5.747746e-02  4.630580e-02  3.244119e-06  7.675257e+02
  25  5.275122e-02  4.167140e-02  3.642291e-06  7.711758e+02
  26  4.826017e-02  3.837083e-02  3.326875e-06  7.748849e+02
  27  5.071467e-02  3.536700e-02  3.012880e-06  7.786532e+02
  28  5.611005e-02  3.881366e-02  3.249189e-06  7.824808e+02
  29  4.892581e-02  4.238520e-02  3.233858e-06  7.863674e+02
  30  4.992416e-02  4.388227e-02  3.127829e-06  7.903128e+02
  31  4.462235e-02  3.538271e-02  3.396504e-06  7.943166e+02
  32  4.432106e-02  3.669522e-02  3.370910e-06  7.983783e+02
  33  4.650760e-02  3.589715e-02  3.094621e-06  8.024973e+02
  34  4.401986e-02  3.675963e-02  3.293147e-06  8.066731e+02
  35  4.584713e-02  3.959010e-02  3.322826e-06  8.109049e+02
  36  4.835210e-02  4.058326e-02  3.075493e-06  8.151920e+02
  37  5.108141e-02  4.370262e-02  3.427446e-06  8.195336e+02
  38  4.835290e-02  3.621927e-02  3.254906e-06  8.239289e+02
  39  4.265702e-02  3.581816e-02  3.563994e-06  8.283772e+02
  40  4.252803e-02  4.002513e-02  3.492484e-06  8.328777e+02
  41  4.170088e-02  4.088898e-02  3.333017e-06  8.374296e+02
  42  4.745927e-02  3.953830e-02  3.176939e-06  8.420322e+02
  43  4.217655e-02  3.489395e-02  3.157783e-06  8.466848e+02
  44  4.002635e-02  3.667998e-02  3.527178e-06  8.513869e+02
  45  4.211817e-02  3.774234e-02  3.350633e-06  8.561380e+02
  46  4.173163e-02  3.627169e-02  3.586952e-06  8.609376e+02
  47  4.573487e-02  4.081363e-02  3.506887e-06  8.657856e+02
  48  4.251138e-02  3.887463e-02  3.433447e-06  8.706818e+02
  49  4.361431e-02  3.924790e-02  3.286052e-06  8.756263e+02
  50  4.148376e-02  4.136440e-02  3.613577e-06  8.806195e+02
  51  4.582300e-02  4.046317e-02  3.430916e-06  8.856620e+02
  52  4.369817e-02  3.605525e-02  3.391016e-06  8.907546e+02
  53  4.030329e-02  3.599795e-02  3.885804e-06  8.958984e+02
  54  4.782243e-02  4.063097e-02  3.125302e-06  9.010950e+02
  55  4.846584e-02  3.993320e-02  3.396376e-06  9.063464e+02
  56  4.191796e-02  3.953391e-02  3.441718e-06  9.116549e+02
  57  4.868880e-02  3.933814e-02  3.343263e-06  9.170235e+02
  58  4.355871e-02  3.860492e-02  3.840773e-06  9.224556e+02
  59  4.796048e-02  3.782720e-02  3.396712e-06  9.279552e+02
  60  4.876400e-02  3.793693e-02  3.366431e-06  9.335271e+02
  61  4.658950e-02  3.808470e-02  3.855847e-06  9.391766e+02
  62  5.009878e-02  3.909852e-02  3.565074e-06  9.449101e+02
  63  4.440660e-02  4.005649e-02  3.226657e-06  9.507345e+02
  64  4.900245e-02  3.728838e-02  3.303638e-06  9.566577e+02
  65  4.956384e-02  3.815307e-02  4.001844e-06  9.626886e+02
  66  4.441356e-02  3.509697e-02  3.728808e-06  9.688367e+02
  67  4.404034e-02  3.484218e-02  3.616404e-06  9.751128e+02
  68  4.905086e-02  3.831712e-02  3.655705e-06  9.815284e+02
  69  5.163826e-02  4.409187e-02  3.627903e-06  9.880959e+02
  70  5.102986e-02  4.284026e-02  3.595612e-06  9.948284e+02
  71  4.813984e-02  3.373757e-02  3.868370e-06  1.001740e+03
  72  5.265222e-02  4.569354e-02  3.384413e-06  1.008845e+03
  73  4.787620e-02  3.799152e-02  3.518177e-06  1.016158e+03
  74  4.413969e-02  3.874293e-02  3.476956e-06  1.023695e+03
  75  5.005661e-02  4.218637e-02  3.674889e-06  1.031470e+03
  76  4.315085e-02  3.985230e-02  3.850971e-06  1.039498e+03
  77  4.655495e-02  3.623418e-02  3.409251e-06  1.047795e+03
  78  4.397790e-02  4.037989e-02  3.540998e-06  1.056375e+03
  79  4.487901e-02  3.697254e-02  3.898509e-06  1.065250e+03
  80  4.601100e-02  4.094312e-02  3.934989e-06  1.074436e+03
  81  4.653370e-02  4.320956e-02  3.800331e-06  1.083944e+03
  82  4.656311e-02  4.101778e-02  3.547624e-06  1.093787e+03
  83  4.633573e-02  4.088481e-02  3.701435e-06  1.103977e+03
  84  4.919405e-02  4.303965e-02  3.373057e-06  1.114526e+03
  85  4.872675e-02  4.141942e-02  3.567310e-06  1.125447e+03
  86  4.964918e-02  3.838667e-02  3.816040e-06  1.136754e+03
  87  4.839641e-02  3.795786e-02  3.817480e-06  1.148460e+03
  88  4.650997e-02  4.124051e-02  3.958222e-06  1.160580e+03
  89  4.729124e-02  3.767217e-02  4.304127e-06  1.173131e+03
  90  4.687943e-02  4.234017e-02  4.429587e-06  1.186132e+03
  91  4.586350e-02  4.007897e-02  4.320859e-06  1.199603e+03
  92  5.211551e-02  3.847997e-02  4.034730e-06  1.213568e+03
  93  4.835069e-02  4.094448e-02  3.955890e-06  1.228054e+03
  94  4.896841e-02  4.341346e-02  4.114542e-06  1.243091e+03
  95  5.063011e-02  4.014027e-02  4.434603e-06  1.258714e+03
  96  4.940312e-02  4.249742e-02  4.305833e-06  1.274962e+03
  97  4.792395e-02  3.832011e-02  4.064711e-06  1.291880e+03
  98  5.260184e-02  4.551863e-02  4.333309e-06  1.309519e+03
  99  5.088204e-02  4.279597e-02  4.279187e-06  1.327939e+03
 100  4.971315e-02  4.362315e-02  4.580634e-06  1.347206e+03
 101  4.860790e-02  4.107217e-02  3.931928e-06  1.367400e+03
 102  5.033538e-02  4.340157e-02  3.681465e-06  1.388611e+03
 103  5.023842e-02  4.395293e-02  4.115898e-06  1.410944e+03
 104  5.044024e-02  4.290338e-02  3.556370e-06  1.434523e+03
 105  4.851684e-02  4.426904e-02  3.787527e-06  1.459490e+03
 106  5.172806e-02  4.466478e-02  3.789962e-06  1.486017e+03
 107  5.268441e-02  4.128539e-02  4.276310e-06  1.514304e+03
 108  5.192282e-02  4.487556e-02  4.638053e-06  1.544592e+03
 109  5.325313e-02  4.720260e-02  5.977282e-06  1.577169e+03
 110  5.052865e-02  4.090676e-02  4.460048e-06  1.612383e+03
 111  5.086840e-02  3.867851e-02  4.443715e-06  1.650663e+03
 112  5.484269e-02  4.633973e-02  5.141025e-06  1.692536e+03
 113  5.128031e-02  4.626258e-02  4.664471e-06  1.738666e+03
 114  5.504989e-02  4.576950e-02  5.176590e-06  1.789904e+03
 115  5.238371e-02  4.790404e-02  5.965793e-06  1.847371e+03
 116  5.457391e-02  4.612447e-02  5.522290e-06  1.912588e+03
 117  5.455030e-02  5.862465e-02  6.191879e-06  1.987713e+03
 118  5.680907e-02  4.488966e-02  4.334729e-06  2.075996e+03
 119  6.358876e-02  5.178383e-02  4.482785e-06  2.182741e+03
 120  5.689044e-02  4.530645e-02  6.853868e-06  2.317766e+03
 121  5.465577e-02  4.779329e-02  4.625592e-06  2.503584e+03
 122  5.885883e-02  5.094426e-02  5.980695e-06  2.826153e+03
 123  5.892028e-02  6.332672e-02  5.605929e-06  3.096397e+03
 124  5.650799e-02  5.491883e-02  7.720251e-06  3.002517e+03
 125  5.771910e-02  5.199426e-02  5.189475e-06  2.952066e+03
 126  6.123220e-02  4.804833e-02  5.804627e-06  2.914387e+03
 127  6.392537e-02  6.460277e-02  4.473483e-06  2.881164e+03
 128  6.195312e-02  5.812924e-02  5.226379e-06  2.850301e+03
 129  6.350507e-02  5.447109e-02  4.328175e-06  2.824433e+03
 130  6.596423e-02  6.846289e-02  6.403373e-06  2.817308e+03
 131  6.592305e-02  5.927289e-02  5.924671e-06  2.880323e+03
 132  6.730728e-02  7.086688e-02  6.556457e-06  3.075720e+03
 133  7.115399e-02  8.115727e-02  7.658813e-06  3.393328e+03
 134  7.212610e-02  6.585432e-02  1.066843e-05  3.864632e+03
 135  7.435465e-02  8.575517e-02  9.220477e-06  4.684226e+03
 136  8.100653e-02  1.350811e-01  6.023155e-06  6.233493e+03
 137  8.673592e-02  9.934043e-02  6.558123e-06  6.519801e+03
 138  8.614020e-02  7.636026e-02  1.252056e-05  6.720138e+03
 139  8.985815e-02  1.037887e-01  9.155265e-06  6.827445e+03
 140  9.194376e-02  9.808250e-02  9.089825e-06  6.865814e+03
 141  8.280525e-02  1.625056e-01  1.859617e-05  6.900457e+03
 142  7.278742e-02  9.358324e-02  6.765631e-06  7.150371e+03
 143  5.214227e-02  8.327034e-02  1.194745e-05  5.025632e+03
 144  5.802580e-02  6.985540e-02  3.855386e-06  3.666696e+03
 145  5.122021e-02  7.181380e-02  7.633982e-06  3.013153e+03
 146  5.177299e-02  3.807560e-02  4.810475e-06  2.650873e+03
 147  5.179589e-02  3.014655e-02  8.449672e-06  2.458953e+03
 148  5.026472e-02  3.286707e-02  4.378305e-06  2.358913e+03
 149  5.225336e-02  3.505063e-02  4.102574e-06  2.298827e+03
 150  4.578821e-02  2.831819e-02  3.455016e-06  2.254392e+03
 151  4.612620e-02  4.284722e-02  3.187575e-06  2.215383e+03
 152  5.340985e-02  3.737410e-02  3.249989e-06  2.177063e+03
 153  4.415319e-02  3.106589e-02  3.965069e-06  2.136715e+03
 154  4.553069e-02  4.507637e-02  4.237567e-06  2.092137e+03
 155  4.282337e-02  3.287626e-02  3.614071e-06  2.040515e+03
 156  2.623170e-02  1.960814e-02  1.686603e-06  1.580195e+03
 157  2.651383e-02  2.127480e-02  1.890747e-06  1.603961e+03
 158  2.778211e-02  2.160663e-02  1.751398e-06  1.758236e+03
 159  2.928250e-02  2.267642e-02  1.665296e-06  1.943952e+03
 160  2.818474e-02  2.232107e-02  1.609718e-06  2.172485e+03
 161  2.584523e-02  1.868317e-02  1.804235e-06  2.460954e+03
 162  2.757173e-02  2.071401e-02  1.604384e-06  2.836776e+03
 163  2.717070e-02  2.059746e-02  1.567664e-06  3.346939e+03
 164  2.583023e-02  2.390661e-02  1.752657e-06  4.079377e+03
 165  2.595081e-02  2.094891e-02  1.682985e-06  5.220078e+03
 166  2.752871e-02  2.316619e-02  1.907050e-06  7.242644e+03
 167  2.631026e-02  2.062615e-02  1.880784e-06  1.181481e+04
 168  2.790622e-02  2.405553e-02  1.698290e-06  3.198047e+04
 169  2.631206e-02  2.139150e-02  1.836250e-06  4.536518e+04
 170  2.737458e-02  2.239526e-02  1.528560e-06  1.328015e+04
 171  2.757959e-02  2.348200e-02  1.954694e-06  7.781856e+03
 172  2.802673e-02  2.440921e-02  1.805057e-06  9.224211e+03
 173  2.652380e-02  2.346395e-02  1.709126e-06  1.813533e+04
 174  2.793796e-02  2.475480e-02  1.874236e-06  5.179122e+05
 175  2.920973e-02  2.120500e-02  2.121930e-06  1.952284e+04
 176  2.696094e-02  2.040586e-02  1.875266e-06  9.585956e+03
 177  2.838807e-02  2.064222e-02  1.936821e-06  6.354762e+03
 178  2.821526e-02  2.531607e-02  1.663557e-06  4.753926e+03
 179  2.763658e-02  1.856367e-02  1.855830e-06  3.798082e+03
 180  2.935712e-02  2.422412e-02  1.780442e-06  3.162771e+03
 181  2.973120e-02  2.441860e-02  1.697388e-06  2.709908e+03
 182  2.876182e-02  2.236150e-02  1.783841e-06  2.370764e+03
 183  2.921684e-02  2.276429e-02  2.216273e-06  2.107280e+03
 184  2.710343e-02  2.222254e-02  1.825345e-06  1.896675e+03
 185  2.739750e-02  2.281450e-02  1.611892e-06  1.724482e+03
 186  2.687824e-02  2.144828e-02  1.930756e-06  1.581068e+03
 187  2.705051e-02  1.949031e-02  1.642840e-06  1.459774e+03
 188  2.983288e-02  2.158027e-02  2.077382e-06  1.355849e+03
 189  2.830478e-02  1.931328e-02  1.988883e-06  1.265809e+03
 190  2.733512e-02  2.440608e-02  1.886313e-06  1.187046e+03
 191  2.742567e-02  2.347434e-02  1.764865e-06  1.117566e+03
 192  2.892795e-02  2.387855e-02  1.869365e-06  1.055819e+03
 193  2.782373e-02  2.098871e-02  1.750003e-06  1.000581e+03
 194  3.144314e-02  2.424607e-02  1.680187e-06  9.508748e+02
 195  2.757746e-02  1.991147e-02  1.843996e-06  9.059086e+02
 196  2.708540e-02  2.094639e-02  1.822894e-06  8.650352e+02
 197  2.970839e-02  2.647084e-02  2.098847e-06  8.277198e+02
 198  2.829803e-02  2.274890e-02  2.019660e-06  7.935173e+02
 199  2.848050e-02  2.130909e-02  1.862306e-06  7.620536e+02
 200  2.697620e-02  2.266628e-02  1.920660e-06  7.330122e+02
 201  2.820866e-02  2.402851e-02  1.930300e-06  7.061238e+02
 202  2.876689e-02  2.073365e-02  1.702071e-06  6.811574e+02
 203  2.785758e-02  2.216222e-02  1.944422e-06  6.579140e+02
 204  2.743180e-02  1.735006e-02  1.884753e-06  6.362211e+02
 205  2.974761e-02  2.248742e-02  1.639957e-06  6.159286e+02
 206  2.749343e-02  2.156304e-02  1.762393e-06  5.969050e+02
 207  2.677558e-02  2.188016e-02  1.744314e-06  5.790349e+02
 208  2.713392e-02  2.240290e-02  2.111353e-06  5.622165e+02
 209  2.880921e-02  2.310878e-02  1.832378e-06  5.463595e+02
 210  2.697831e-02  2.211923e-02  2.078159e-06  5.313838e+02
 211  2.920123e-02  2.194342e-02  1.809600e-06  5.172178e+02
 212  2.901786e-02  2.573853e-02  1.735751e-06  5.153944e+02
 213  2.736249e-02  2.189296e-02  1.909093e-06  5.163764e+02
 214  2.718693e-02  2.113117e-02  2.048303e-06  5.173774e+02
 215  2.737454e-02  1.857462e-02  1.840568e-06  5.183983e+02
 216  2.756721e-02  2.190158e-02  1.756635e-06  5.194401e+02
 217  2.826125e-02  2.187539e-02  1.815731e-06  5.205039e+02
 218  2.791079e-02  2.188257e-02  1.711708e-06  5.215906e+02
 219  2.404230e-02  2.220570e-02  1.839597e-06  5.227013e+02
 220  2.729265e-02  2.179122e-02  1.695743e-06  5.238370e+02
 221  2.730108e-02  2.402507e-02  1.913042e-06  5.249988e+02
 222  2.628857e-02  2.250957e-02  1.981223e-06  5.261877e+02
 223  2.910122e-02  2.366401e-02  1.798759e-06  5.274047e+02
 224  2.546595e-02  2.066410e-02  1.750109e-06  5.286511e+02
 225  2.624235e-02  2.092525e-02  1.954992e-06  5.299279e+02
 226  2.730220e-02  2.069885e-02  2.106327e-06  5.312363e+02
 227  2.631738e-02  2.132865e-02  2.070904e-06  5.325774e+02
 228  2.727428e-02  1.868801e-02  1.621753e-06  5.339525e+02
 229  2.798127e-02  2.479078e-02  1.996165e-06  5.353628e+02
 230  2.740643e-02  2.217661e-02  1.839775e-06  5.368097e+02
 231  2.706850e-02  2.361675e-02  1.942033e-06  5.382945e+02
 232  2.648124e-02  2.057098e-02  1.712150e-06  5.398188e+02
 233  2.577685e-02  2.338879e-02  2.023915e-06  5.413840e+02
 234  2.785604e-02  2.355933e-02  2.067391e-06  5.429917e+02
 235  2.630028e-02  2.170230e-02  1.745645e-06  5.446436e+02
 236  2.796286e-02  2.250767e-02  2.096540e-06  5.463414e+02
 237  2.729399e-02  2.188403e-02  2.055713e-06  5.480867e+02
 238  2.786852e-02  2.052002e-02  1.958433e-06  5.498813e+02
 239  2.730836e-02  2.320235e-02  1.907809e-06  5.517269e+02
 240  2.773293e-02  2.264664e-02  1.975080e-06  5.536252e+02
 241  2.828783e-02  2.212288e-02  1.880392e-06  5.555777e+02
 242  2.995239e-02  2.679710e-02  1.891018e-06  5.575861e+02
 243  2.725726e-02  2.207050e-02  2.197106e-06  5.596518e+02
 244  2.756287e-02  2.545697e-02  1.788523e-06  5.617763e+02
 245  2.927752e-02  2.472766e-02  1.802550e-06  5.639608e+02
 246  2.683811e-02  2.347291e-02  1.959930e-06  5.662067e+02
 247  2.609102e-02  1.966299e-02  1.661710e-06  5.685151e+02
 248  2.564503e-02  2.136610e-02  2.077110e-06  5.708873e+02
 249  2.704493e-02  2.203136e-02  1.958765e-06  5.733245e+02
 250  2.639003e-02  2.229111e-02  1.850214e-06  5.758277e+02
 251  2.761180e-02  2.070194e-02  1.891352e-06  5.783983e+02
 252  2.782637e-02  2.624004e-02  2.199362e-06  5.810373e+02
 253  2.674751e-02  2.383307e-02  1.876005e-06  5.837461e+02
 254  2.642450e-02  1.988254e-02  2.036215e-06  5.865260e+02
 255  2.731212e-02  2.509144e-02  1.957170e-06  5.893784e+02
 256  2.793714e-02  2.465652e-02  2.313042e-06  5.923048e+02
 257  2.767975e-02  2.249605e-02  2.305335e-06  5.953070e+02
 258  2.710341e-02  2.382084e-02  1.935484e-06  5.983866e+02
 259  2.815938e-02  2.412850e-02  1.989223e-06  6.015459e+02
 260  2.491606e-02  2.456277e-02  2.261741e-06  6.095846e+02
 261  2.647768e-02  2.297342e-02  2.263218e-06  6.416399e+02
 262  2.658050e-02  2.102990e-02  2.270805e-06  6.776500e+02
 263  2.587071e-02  2.175611e-02  2.346494e-06  7.184672e+02
 264  2.694421e-02  2.478931e-02  2.313272e-06  7.652289e+02
 265  2.639882e-02  2.477955e-02  2.201263e-06  8.194955e+02
 266  2.784900e-02  2.604503e-02  2.215330e-06  8.834835e+02
 267  2.576111e-02  2.296224e-02  2.152364e-06  9.604848e+02
 268  2.562182e-02  2.300217e-02  2.485879e-06  1.055683e+03
 269  2.724298e-02  3.101541e-02  2.227187e-06  1.177930e+03
 270  2.548289e-02  2.410992e-02  2.993166e-06  1.344311e+03
 271  2.486069e-02  2.943694e-02  2.642687e-06  1.595474e+03
 272  2.632018e-02  3.058542e-02  3.230948e-06  2.089715e+03
 273  3.237387e-02  3.408051e-02  4.990486e-06  2.992592e+03
 274  3.337111e-02  4.877458e-02  2.990184e-06  2.894034e+03
 275  3.815348e-02  6.454413e-02  7.242618e-06  2.799037e+03
 276  3.459281e-02  3.796220e-02  4.393806e-06  2.707539e+03
 277  3.431858e-02  4.515868e-02  5.817516e-06  2.619482e+03
 278  3.403038e-02  3.979586e-02  4.082069e-06  2.534804e+03
 279  3.218224e-02  3.697921e-02  4.626181e-06  2.453445e+03
 280  3.454973e-02  4.897654e-02  3.566772e-06  2.375346e+03
 281  3.064546e-02  3.000113e-02  2.972911e-06  2.300449e+03
 282  3.162138e-02  2.668717e-02  3.718853e-06  2.228697e+03
 283  3.466925e-02  3.382029e-02  4.092073e-06  2.160034e+03
 284  3.291067e-02  2.911153e-02  2.860718e-06  2.094404e+03
 285  3.303227e-02  2.772345e-02  3.006038e-06  2.031755e+03
 286  3.132481e-02  3.294773e-02  2.978673e-06  1.972037e+03
 287  3.269174e-02  2.894213e-02  2.798745e-06  1.915205e+03
 288  3.103602e-02  3.321227e-02  4.289905e-06  1.861235e+03
 289  2.905977e-02  3.642327e-02  2.722723e-06  1.810162e+03
 290  2.955194e-02  3.886172e-02  4.750987e-06  1.762568e+03
 291  3.330872e-02  3.699611e-02  3.816976e-06  1.864492e+03
 292  3.013410e-02  3.474954e-02  3.138382e-06  2.501234e+03
 293  3.652211e-02  3.709997e-02  4.533615e-06  3.710153e+03
 294  3.859637e-02  4.758546e-02  3.415019e-06  3.561449e+03
 295  3.818432e-02  4.780789e-02  5.269279e-06  3.419396e+03
 296  3.827330e-02  2.873139e-02  4.648714e-06  3.283841e+03
 297  3.981827e-02  7.504941e-02  2.742183e-06  3.154649e+03
 298  3.954309e-02  3.572032e-02  3.526098e-06  3.031693e+03
 299  4.008016e-02  4.657500e-02  5.271320e-06  2.914851e+03
 300  3.796252e-02  3.950506e-02  3.079604e-06  2.804005e+03
 301  3.806493e-02  3.683138e-02  3.016532e-06  2.699040e+03
 302  3.596707e-02  4.029621e-02  3.602414e-06  2.599848e+03
 303  3.865818e-02  4.059242e-02  3.575673e-06  2.506322e+03
 304  3.833212e-02  3.548702e-02  3.603358e-06  2.418364e+03
 305  3.600835e-02  4.953140e-02  3.103099e-06  2.335878e+03
 306  3.939999e-02  3.709309e-02  2.969733e-06  2.258775e+03
 307  3.496119e-02  3.018975e-02  3.722413e-06  2.186974e+03
 308  3.755433e-02  3.970809e-02  4.415734e-06  2.120397e+03
 309  3.591364e-02  3.083072e-02  2.982787e-06  2.058977e+03
 310  3.670757e-02  3.514510e-02  3.094962e-06  2.002650e+03
 311  3.534846e-02  3.390615e-02  3.205003e-06  1.951361e+03
 312  3.657278e-02  3.979542e-02  2.804118e-06  1.905059e+03
 313  3.760139e-02  3.133196e-02  3.579785e-06  1.863697e+03
 314  3.869187e-02  3.517930e-02  3.498025e-06  1.827229e+03
 315  3.812027e-02  3.681767e-02  3.310010e-06  1.795608e+03
 316  4.014243e-02  4.047437e-02  3.435529e-06  1.768779e+03
 317  3.633127e-02  3.902569e-02  3.378705e-06  1.746676e+03
 318  4.009737e-02  4.440745e-02  3.624219e-06  1.729215e+03
 319  4.137662e-02  3.710355e-02  3.393941e-06  1.716290e+03
 320  3.961061e-02  3.980647e-02  3.649022e-06  1.707770e+03
 321  4.076954e-02  4.763033e-02  4.430912e-06  1.713311e+03
 322  4.138891e-02  4.852268e-02  4.310015e-06  1.803928e+03
 323  4.624798e-02  5.345503e-02  4.659808e-06  1.915051e+03
 324  4.613209e-02  4.792437e-02  3.869488e-06  2.065560e+03
 325  5.394134e-02  4.908422e-02  4.559477e-06  2.380102e+03
 326  7.578284e-02  1.023526e-01  7.477257e-06  2.092707e+03
 327  5.971261e-02  6.539357e-02  5.670504e-06  1.946050e+03
 328  4.570575e-02  3.860442e-02  3.953009e-06  1.845122e+03
 329  4.090454e-02  3.907296e-02  4.441687e-06  1.797558e+03
 330  4.037602e-02  3.291011e-02  3.806501e-06  1.821810e+03
 331  4.285546e-02  3.607631e-02  3.717229e-06  1.847909e+03
 332  4.333878e-02  3.913429e-02  2.758932e-06  1.875481e+03
 333  4.149298e-02  3.349818e-02  2.991713e-06  1.904090e+03
 334  4.078338e-02  3.592898e-02  3.285193e-06  1.933223e+03
 335  3.953948e-02  3.297376e-02  2.861712e-06  1.962287e+03
 336  4.005620e-02  3.264123e-02  3.554821e-06  1.990602e+03
 337  3.748352e-02  3.508664e-02  3.067312e-06  2.017412e+03
 338  4.051241e-02  3.641534e-02  3.379839e-06  2.041896e+03
 339  3.895522e-02  3.182201e-02  3.181426e-06  2.063200e+03
 340  3.900697e-02  3.577707e-02  2.900135e-06  2.080476e+03
 341  3.817808e-02  4.186129e-02  3.632802e-06  2.092934e+03
 342  3.716917e-02  3.599086e-02  3.762505e-06  2.099896e+03
 343  3.875691e-02  3.511469e-02  3.234932e-06  2.100854e+03
 344  4.037362e-02  3.664372e-02  3.421465e-06  2.095514e+03
 345  3.402400e-02  4.770975e-02  3.942607e-06  2.083822e+03
 346  4.122930e-02  4.911456e-02  4.441369e-06  2.065969e+03
 347  3.854248e-02  4.024280e-02  2.809919e-06  2.042375e+03
 348  3.488623e-02  3.716601e-02  3.196202e-06  2.013648e+03
 349  3.656331e-02  3.136646e-02  3.801585e-06  1.980533e+03
 350  4.064869e-02  6.701576e-02  3.806946e-06  1.943848e+03
 351  4.266202e-02  4.989655e-02  3.773461e-06  1.904435e+03
 352  4.843608e-02  5.496516e-02  5.408245e-06  1.863109e+03
 353  2.089079e-01  1.712909e-01  1.682803e-05  1.820621e+03
 354  1.007814e-01  1.641873e-01  7.768446e-06  2.062598e+03
 355  4.721644e-02  5.453326e-02  5.558712e-06  2.404934e+03
 356  4.267759e-02  7.124386e-02  4.978583e-06  2.882315e+03
 357  4.464627e-02  8.913012e-02  6.252368e-06  3.594534e+03
 358  5.708582e-02  1.949021e-01  6.896138e-04  4.771771e+03
 359  3.942194e-02  1.345710e-01  1.227345e-05  7.091027e+03
 360  5.736046e-02  2.928229e-01  2.419031e-05  1.378348e+04
 361  7.747303e-02  1.027613e+00  3.762991e-04  2.426575e+05
 362  3.707857e-02  2.987297e-01  3.048171e-05  1.566275e+04
 363  3.566828e-02  1.256208e-01  1.085560e-05  7.572297e+03
 364  3.597806e-02  7.689447e-02  8.096336e-06  4.995163e+03
 365  3.179732e-02  6.537026e-02  4.719005e-06  3.727779e+03
 366  3.023224e-02  4.410711e-02  5.131595e-06  2.973941e+03
 367  3.181181e-02  4.409311e-02  4.006448e-06  2.474075e+03
 368  3.310197e-02  4.466945e-02  4.012611e-06  2.118322e+03
 369  3.354889e-02  4.243687e-02  3.047489e-06  1.852204e+03
 370  3.235596e-02  2.734028e-02  3.785979e-06  1.645629e+03
 371  2.998676e-02  2.536442e-02  3.035953e-06  1.480619e+03
 372  3.252607e-02  3.110454e-02  2.632128e-06  1.345773e+03
 373  3.228620e-02  3.559180e-02  2.646690e-06  1.233511e+03
 374  2.988315e-02  2.575481e-02  2.172596e-06  1.174151e+03
 375  3.097700e-02  2.512781e-02  2.910785e-06  1.158478e+03
 376  3.245801e-02  2.717905e-02  3.253479e-06  1.144066e+03
 377  3.349622e-02  2.982385e-02  2.988120e-06  1.131024e+03
 378  3.204415e-02  2.312154e-02  2.557444e-06  1.119515e+03
 379  3.186594e-02  2.322594e-02  2.291095e-06  1.109717e+03
 380  3.140225e-02  2.239439e-02  2.753422e-06  1.101702e+03
 381  3.211930e-02  3.165416e-02  2.636982e-06  1.095302e+03
 382  3.333307e-02  2.813671e-02  2.377245e-06  1.090152e+03
 383  3.190126e-02  2.542750e-02  2.168417e-06  1.085854e+03
 384  2.913191e-02  2.413133e-02  2.089939e-06  1.082092e+03
 385  3.021647e-02  2.201624e-02  2.396034e-06  1.078650e+03
 386  3.213242e-02  2.839967e-02  1.855242e-06  1.075389e+03
 387  3.134893e-02  1.936124e-02  1.881181e-06  1.072218e+03
 388  3.089885e-02  2.455507e-02  2.542894e-06  1.069080e+03
 389  2.979864e-02  1.703555e-02  2.144860e-06  1.065935e+03
 390  3.185880e-02  2.214951e-02  2.012961e-06  1.062758e+03
 391  3.071010e-02  2.572483e-02  1.902780e-06  1.059531e+03
 392  2.883933e-02  1.653768e-02  2.349346e-06  1.056241e+03
 393  3.055123e-02  2.242869e-02  2.295294e-06  1.052881e+03
 394  3.181765e-02  2.875453e-02  1.868105e-06  1.049447e+03
 395  2.995819e-02  1.808214e-02  1.847952e-06  1.045936e+03
 396  2.974319e-02  1.964040e-02  2.337605e-06  1.042347e+03
 397  3.129488e-02  1.839535e-02  1.813537e-06  1.038682e+03
 398  3.274606e-02  1.802671e-02  1.760563e-06  1.034941e+03
 399  2.942344e-02  2.048073e-02  2.153192e-06  1.031128e+03
 400  2.993554e-02  1.922226e-02  1.748804e-06  1.027247e+03
 401  2.974841e-02  1.765533e-02  1.998920e-06  1.023302e+03
